(kicad_pcb (version 20171130) (host pcbnew "(5.1.4)-1")

  (general
    (thickness 1.6)
    (drawings 4)
    (tracks 200)
    (zones 0)
    (modules 29)
    (nets 22)
  )

  (page A4)
  (title_block
    (title QX20CTRLV2)
    (date 2020-02-18)
    (company "Kyushu-Univ. birdman team")
  )

  (layers
    (0 F.Cu signal)
    (31 B.Cu signal)
    (32 B.Adhes user)
    (33 F.Adhes user)
    (34 B.Paste user)
    (35 F.Paste user)
    (36 B.SilkS user)
    (37 F.SilkS user)
    (38 B.Mask user)
    (39 F.Mask user)
    (40 Dwgs.User user)
    (41 Cmts.User user)
    (42 Eco1.User user)
    (43 Eco2.User user)
    (44 Edge.Cuts user)
    (45 Margin user)
    (46 B.CrtYd user)
    (47 F.CrtYd user)
    (48 B.Fab user)
    (49 F.Fab user)
  )

  (setup
    (last_trace_width 0.25)
    (user_trace_width 0.25)
    (user_trace_width 1)
    (user_trace_width 3)
    (user_trace_width 5)
    (user_trace_width 10)
    (trace_clearance 0.4)
    (zone_clearance 0.508)
    (zone_45_only yes)
    (trace_min 0.25)
    (via_size 1.15)
    (via_drill 1.1)
    (via_min_size 1.15)
    (via_min_drill 1.1)
    (uvia_size 0.3)
    (uvia_drill 0.1)
    (uvias_allowed no)
    (uvia_min_size 0.2)
    (uvia_min_drill 0.1)
    (edge_width 0.05)
    (segment_width 0.2)
    (pcb_text_width 0.3)
    (pcb_text_size 1.5 1.5)
    (mod_edge_width 0.12)
    (mod_text_size 1 1)
    (mod_text_width 0.15)
    (pad_size 1.7 1.7)
    (pad_drill 1.1)
    (pad_to_mask_clearance 0.051)
    (solder_mask_min_width 0.25)
    (aux_axis_origin 100 50)
    (visible_elements 7FFFFFFF)
    (pcbplotparams
      (layerselection 0x00000_ffffffff)
      (usegerberextensions false)
      (usegerberattributes false)
      (usegerberadvancedattributes false)
      (creategerberjobfile false)
      (excludeedgelayer true)
      (linewidth 0.250000)
      (plotframeref false)
      (viasonmask false)
      (mode 1)
      (useauxorigin false)
      (hpglpennumber 1)
      (hpglpenspeed 20)
      (hpglpendiameter 15.000000)
      (psnegative false)
      (psa4output false)
      (plotreference true)
      (plotvalue true)
      (plotinvisibletext false)
      (padsonsilk false)
      (subtractmaskfromsilk false)
      (outputformat 1)
      (mirror false)
      (drillshape 0)
      (scaleselection 1)
      (outputdirectory ""))
  )

  (net 0 "")
  (net 1 GND)
  (net 2 3.3V)
  (net 3 VIN)
  (net 4 "Net-(D2-Pad2)")
  (net 5 CANH)
  (net 6 CANL)
  (net 7 PWM1)
  (net 8 PWM2)
  (net 9 USART_TX)
  (net 10 USART_RX)
  (net 11 I2C_SCL)
  (net 12 I2C_SDA)
  (net 13 "Net-(R1-Pad2)")
  (net 14 "Net-(R1-Pad1)")
  (net 15 "Net-(R2-Pad1)")
  (net 16 "Net-(SW3-Pad1)")
  (net 17 "Net-(SW4-Pad1)")
  (net 18 "Net-(SW5-Pad1)")
  (net 19 CAN_RX)
  (net 20 CAN_TX)
  (net 21 "Net-(SW1-Pad1)")

  (net_class Default "これはデフォルトのネット クラスです。"
    (clearance 0.4)
    (trace_width 0.25)
    (via_dia 1.15)
    (via_drill 1.1)
    (uvia_dia 0.3)
    (uvia_drill 0.1)
    (diff_pair_width 0.25)
    (diff_pair_gap 0.25)
    (add_net 3.3V)
    (add_net CANH)
    (add_net CANL)
    (add_net CAN_RX)
    (add_net CAN_TX)
    (add_net GND)
    (add_net I2C_SCL)
    (add_net I2C_SDA)
    (add_net "Net-(D2-Pad2)")
    (add_net "Net-(R1-Pad1)")
    (add_net "Net-(R1-Pad2)")
    (add_net "Net-(R2-Pad1)")
    (add_net "Net-(SW1-Pad1)")
    (add_net "Net-(SW3-Pad1)")
    (add_net "Net-(SW4-Pad1)")
    (add_net "Net-(SW5-Pad1)")
    (add_net PWM1)
    (add_net PWM2)
    (add_net USART_RX)
    (add_net USART_TX)
    (add_net VIN)
  )

  (net_class 3.3V ""
    (clearance 0.4)
    (trace_width 1)
    (via_dia 1.15)
    (via_drill 1.1)
    (uvia_dia 0.3)
    (uvia_drill 0.1)
    (diff_pair_width 0.25)
    (diff_pair_gap 0.25)
  )

  (net_class Power ""
    (clearance 0.5)
    (trace_width 4)
    (via_dia 1.15)
    (via_drill 1.1)
    (uvia_dia 0.3)
    (uvia_drill 0.1)
    (diff_pair_width 0.25)
    (diff_pair_gap 0.25)
  )

  (module Package_SO:SOIC-8_3.9x4.9mm_P1.27mm placed (layer F.Cu) (tedit 5C97300E) (tstamp 5E4A4DDB)
    (at 148 64)
    (descr "SOIC, 8 Pin (JEDEC MS-012AA, https://www.analog.com/media/en/package-pcb-resources/package/pkg_pdf/soic_narrow-r/r_8.pdf), generated with kicad-footprint-generator ipc_gullwing_generator.py")
    (tags "SOIC SO")
    (path /5DFFCCCF)
    (attr smd)
    (fp_text reference U3 (at 0 -3.4) (layer F.SilkS)
      (effects (font (size 1 1) (thickness 0.15)))
    )
    (fp_text value SN65HVD232 (at 0 3.4) (layer F.Fab)
      (effects (font (size 1 1) (thickness 0.15)))
    )
    (fp_line (start 0 2.56) (end 1.95 2.56) (layer F.SilkS) (width 0.12))
    (fp_line (start 0 2.56) (end -1.95 2.56) (layer F.SilkS) (width 0.12))
    (fp_line (start 0 -2.56) (end 1.95 -2.56) (layer F.SilkS) (width 0.12))
    (fp_line (start 0 -2.56) (end -3.45 -2.56) (layer F.SilkS) (width 0.12))
    (fp_line (start -0.975 -2.45) (end 1.95 -2.45) (layer F.Fab) (width 0.1))
    (fp_line (start 1.95 -2.45) (end 1.95 2.45) (layer F.Fab) (width 0.1))
    (fp_line (start 1.95 2.45) (end -1.95 2.45) (layer F.Fab) (width 0.1))
    (fp_line (start -1.95 2.45) (end -1.95 -1.475) (layer F.Fab) (width 0.1))
    (fp_line (start -1.95 -1.475) (end -0.975 -2.45) (layer F.Fab) (width 0.1))
    (fp_line (start -3.7 -2.7) (end -3.7 2.7) (layer F.CrtYd) (width 0.05))
    (fp_line (start -3.7 2.7) (end 3.7 2.7) (layer F.CrtYd) (width 0.05))
    (fp_line (start 3.7 2.7) (end 3.7 -2.7) (layer F.CrtYd) (width 0.05))
    (fp_line (start 3.7 -2.7) (end -3.7 -2.7) (layer F.CrtYd) (width 0.05))
    (fp_text user %R (at 0 0) (layer F.Fab)
      (effects (font (size 0.98 0.98) (thickness 0.15)))
    )
    (pad 1 smd roundrect (at -2.475 -1.905) (size 1.95 0.6) (layers F.Cu F.Paste F.Mask) (roundrect_rratio 0.25)
      (net 20 CAN_TX))
    (pad 2 smd roundrect (at -2.475 -0.635) (size 1.95 0.6) (layers F.Cu F.Paste F.Mask) (roundrect_rratio 0.25)
      (net 1 GND))
    (pad 3 smd roundrect (at -2.475 0.635) (size 1.95 0.6) (layers F.Cu F.Paste F.Mask) (roundrect_rratio 0.25)
      (net 2 3.3V))
    (pad 4 smd roundrect (at -2.475 1.905) (size 1.95 0.6) (layers F.Cu F.Paste F.Mask) (roundrect_rratio 0.25)
      (net 19 CAN_RX))
    (pad 5 smd roundrect (at 2.475 1.905) (size 1.95 0.6) (layers F.Cu F.Paste F.Mask) (roundrect_rratio 0.25))
    (pad 6 smd roundrect (at 2.475 0.635) (size 1.95 0.6) (layers F.Cu F.Paste F.Mask) (roundrect_rratio 0.25)
      (net 6 CANL))
    (pad 7 smd roundrect (at 2.475 -0.635) (size 1.95 0.6) (layers F.Cu F.Paste F.Mask) (roundrect_rratio 0.25)
      (net 5 CANH))
    (pad 8 smd roundrect (at 2.475 -1.905) (size 1.95 0.6) (layers F.Cu F.Paste F.Mask) (roundrect_rratio 0.25))
    (model ${KISYS3DMOD}/Package_SO.3dshapes/SOIC-8_3.9x4.9mm_P1.27mm.wrl
      (at (xyz 0 0 0))
      (scale (xyz 1 1 1))
      (rotate (xyz 0 0 0))
    )
  )

  (module MountingHole:MountingHole_3.2mm_M3 (layer F.Cu) (tedit 56D1B4CB) (tstamp 5E4AEE77)
    (at 104 54)
    (descr "Mounting Hole 3.2mm, no annular, M3")
    (tags "mounting hole 3.2mm no annular m3")
    (attr virtual)
    (fp_text reference REF** (at 0 -4.2) (layer F.SilkS)
      (effects (font (size 1 1) (thickness 0.15)))
    )
    (fp_text value M3 (at 0 4.2) (layer F.Fab)
      (effects (font (size 1 1) (thickness 0.15)))
    )
    (fp_text user %R (at 0.3 0) (layer F.Fab)
      (effects (font (size 1 1) (thickness 0.15)))
    )
    (fp_circle (center 0 0) (end 3.2 0) (layer Cmts.User) (width 0.15))
    (fp_circle (center 0 0) (end 3.45 0) (layer F.CrtYd) (width 0.05))
    (pad 1 np_thru_hole circle (at 0 0) (size 3.2 3.2) (drill 3.2) (layers *.Cu *.Mask))
  )

  (module MountingHole:MountingHole_3.2mm_M3 (layer F.Cu) (tedit 56D1B4CB) (tstamp 5E4AEE77)
    (at 104 91)
    (descr "Mounting Hole 3.2mm, no annular, M3")
    (tags "mounting hole 3.2mm no annular m3")
    (attr virtual)
    (fp_text reference REF** (at 0 -4.2) (layer F.SilkS)
      (effects (font (size 1 1) (thickness 0.15)))
    )
    (fp_text value M3 (at 0 4.2) (layer F.Fab)
      (effects (font (size 1 1) (thickness 0.15)))
    )
    (fp_text user %R (at 0.3 0) (layer F.Fab)
      (effects (font (size 1 1) (thickness 0.15)))
    )
    (fp_circle (center 0 0) (end 3.2 0) (layer Cmts.User) (width 0.15))
    (fp_circle (center 0 0) (end 3.45 0) (layer F.CrtYd) (width 0.05))
    (pad 1 np_thru_hole circle (at 0 0) (size 3.2 3.2) (drill 3.2) (layers *.Cu *.Mask))
  )

  (module MountingHole:MountingHole_3.2mm_M3 (layer F.Cu) (tedit 56D1B4CB) (tstamp 5E4B90B7)
    (at 153 75)
    (descr "Mounting Hole 3.2mm, no annular, M3")
    (tags "mounting hole 3.2mm no annular m3")
    (attr virtual)
    (fp_text reference REF** (at 0 -4.2) (layer F.SilkS)
      (effects (font (size 1 1) (thickness 0.15)))
    )
    (fp_text value M3 (at 0 4.2) (layer F.Fab)
      (effects (font (size 1 1) (thickness 0.15)))
    )
    (fp_text user %R (at 0.3 0) (layer F.Fab)
      (effects (font (size 1 1) (thickness 0.15)))
    )
    (fp_circle (center 0 0) (end 3.2 0) (layer Cmts.User) (width 0.15))
    (fp_circle (center 0 0) (end 3.45 0) (layer F.CrtYd) (width 0.05))
    (pad 1 np_thru_hole circle (at 0 0) (size 3.2 3.2) (drill 3.2) (layers *.Cu *.Mask))
  )

  (module Package_TO_SOT_SMD:SOT-23 (layer F.Cu) (tedit 5A02FF57) (tstamp 5E4ACF60)
    (at 154.45 54 90)
    (descr "SOT-23, Standard")
    (tags SOT-23)
    (path /5E00CE7F)
    (attr smd)
    (fp_text reference D3 (at 0 -2.5 90) (layer F.SilkS)
      (effects (font (size 1 1) (thickness 0.15)))
    )
    (fp_text value NUP2105L (at 0 2.5 90) (layer F.Fab)
      (effects (font (size 1 1) (thickness 0.15)))
    )
    (fp_line (start 0.76 1.58) (end -0.7 1.58) (layer F.SilkS) (width 0.12))
    (fp_line (start 0.76 -1.58) (end -1.4 -1.58) (layer F.SilkS) (width 0.12))
    (fp_line (start -1.7 1.75) (end -1.7 -1.75) (layer F.CrtYd) (width 0.05))
    (fp_line (start 1.7 1.75) (end -1.7 1.75) (layer F.CrtYd) (width 0.05))
    (fp_line (start 1.7 -1.75) (end 1.7 1.75) (layer F.CrtYd) (width 0.05))
    (fp_line (start -1.7 -1.75) (end 1.7 -1.75) (layer F.CrtYd) (width 0.05))
    (fp_line (start 0.76 -1.58) (end 0.76 -0.65) (layer F.SilkS) (width 0.12))
    (fp_line (start 0.76 1.58) (end 0.76 0.65) (layer F.SilkS) (width 0.12))
    (fp_line (start -0.7 1.52) (end 0.7 1.52) (layer F.Fab) (width 0.1))
    (fp_line (start 0.7 -1.52) (end 0.7 1.52) (layer F.Fab) (width 0.1))
    (fp_line (start -0.7 -0.95) (end -0.15 -1.52) (layer F.Fab) (width 0.1))
    (fp_line (start -0.15 -1.52) (end 0.7 -1.52) (layer F.Fab) (width 0.1))
    (fp_line (start -0.7 -0.95) (end -0.7 1.5) (layer F.Fab) (width 0.1))
    (fp_text user %R (at 0 0) (layer F.Fab)
      (effects (font (size 0.5 0.5) (thickness 0.075)))
    )
    (pad 3 smd rect (at 1 0 90) (size 0.9 0.8) (layers F.Cu F.Paste F.Mask)
      (net 1 GND))
    (pad 2 smd rect (at -1 0.95 90) (size 0.9 0.8) (layers F.Cu F.Paste F.Mask)
      (net 6 CANL))
    (pad 1 smd rect (at -1 -0.95 90) (size 0.9 0.8) (layers F.Cu F.Paste F.Mask)
      (net 5 CANH))
    (model ${KISYS3DMOD}/Package_TO_SOT_SMD.3dshapes/SOT-23.wrl
      (at (xyz 0 0 0))
      (scale (xyz 1 1 1))
      (rotate (xyz 0 0 0))
    )
  )

  (module Resistor_SMD:R_1206_3216Metric_Pad1.42x1.75mm_HandSolder (layer F.Cu) (tedit 5B301BBD) (tstamp 5E4AC471)
    (at 133.0125 62)
    (descr "Resistor SMD 1206 (3216 Metric), square (rectangular) end terminal, IPC_7351 nominal with elongated pad for handsoldering. (Body size source: http://www.tortai-tech.com/upload/download/2011102023233369053.pdf), generated with kicad-footprint-generator")
    (tags "resistor handsolder")
    (path /5E4ACF8C)
    (attr smd)
    (fp_text reference R2 (at 0 -1.82) (layer F.SilkS)
      (effects (font (size 1 1) (thickness 0.15)))
    )
    (fp_text value 120 (at 0 1.82) (layer F.Fab)
      (effects (font (size 1 1) (thickness 0.15)))
    )
    (fp_text user %R (at 0 0) (layer F.Fab)
      (effects (font (size 0.8 0.8) (thickness 0.12)))
    )
    (fp_line (start 2.45 1.12) (end -2.45 1.12) (layer F.CrtYd) (width 0.05))
    (fp_line (start 2.45 -1.12) (end 2.45 1.12) (layer F.CrtYd) (width 0.05))
    (fp_line (start -2.45 -1.12) (end 2.45 -1.12) (layer F.CrtYd) (width 0.05))
    (fp_line (start -2.45 1.12) (end -2.45 -1.12) (layer F.CrtYd) (width 0.05))
    (fp_line (start -0.602064 0.91) (end 0.602064 0.91) (layer F.SilkS) (width 0.12))
    (fp_line (start -0.602064 -0.91) (end 0.602064 -0.91) (layer F.SilkS) (width 0.12))
    (fp_line (start 1.6 0.8) (end -1.6 0.8) (layer F.Fab) (width 0.1))
    (fp_line (start 1.6 -0.8) (end 1.6 0.8) (layer F.Fab) (width 0.1))
    (fp_line (start -1.6 -0.8) (end 1.6 -0.8) (layer F.Fab) (width 0.1))
    (fp_line (start -1.6 0.8) (end -1.6 -0.8) (layer F.Fab) (width 0.1))
    (pad 2 smd roundrect (at 1.4875 0) (size 1.425 1.75) (layers F.Cu F.Paste F.Mask) (roundrect_rratio 0.175439)
      (net 4 "Net-(D2-Pad2)"))
    (pad 1 smd roundrect (at -1.4875 0) (size 1.425 1.75) (layers F.Cu F.Paste F.Mask) (roundrect_rratio 0.175439)
      (net 15 "Net-(R2-Pad1)"))
    (model ${KISYS3DMOD}/Resistor_SMD.3dshapes/R_1206_3216Metric.wrl
      (at (xyz 0 0 0))
      (scale (xyz 1 1 1))
      (rotate (xyz 0 0 0))
    )
  )

  (module Capacitor_SMD:C_1206_3216Metric_Pad1.42x1.75mm_HandSolder placed (layer F.Cu) (tedit 5B301BBE) (tstamp 5E45AA4D)
    (at 119.5125 72)
    (descr "Capacitor SMD 1206 (3216 Metric), square (rectangular) end terminal, IPC_7351 nominal with elongated pad for handsoldering. (Body size source: http://www.tortai-tech.com/upload/download/2011102023233369053.pdf), generated with kicad-footprint-generator")
    (tags "capacitor handsolder")
    (path /5DF5EB29)
    (attr smd)
    (fp_text reference C3 (at -4.0125 0) (layer F.SilkS)
      (effects (font (size 1 1) (thickness 0.15)))
    )
    (fp_text value 0.1uF (at 0 1.82) (layer F.Fab)
      (effects (font (size 1 1) (thickness 0.15)))
    )
    (fp_line (start -1.6 0.8) (end -1.6 -0.8) (layer F.Fab) (width 0.1))
    (fp_line (start -1.6 -0.8) (end 1.6 -0.8) (layer F.Fab) (width 0.1))
    (fp_line (start 1.6 -0.8) (end 1.6 0.8) (layer F.Fab) (width 0.1))
    (fp_line (start 1.6 0.8) (end -1.6 0.8) (layer F.Fab) (width 0.1))
    (fp_line (start -0.602064 -0.91) (end 0.602064 -0.91) (layer F.SilkS) (width 0.12))
    (fp_line (start -0.602064 0.91) (end 0.602064 0.91) (layer F.SilkS) (width 0.12))
    (fp_line (start -2.45 1.12) (end -2.45 -1.12) (layer F.CrtYd) (width 0.05))
    (fp_line (start -2.45 -1.12) (end 2.45 -1.12) (layer F.CrtYd) (width 0.05))
    (fp_line (start 2.45 -1.12) (end 2.45 1.12) (layer F.CrtYd) (width 0.05))
    (fp_line (start 2.45 1.12) (end -2.45 1.12) (layer F.CrtYd) (width 0.05))
    (fp_text user %R (at 0 0) (layer F.Fab)
      (effects (font (size 0.8 0.8) (thickness 0.12)))
    )
    (pad 1 smd roundrect (at -1.4875 0) (size 1.425 1.75) (layers F.Cu F.Paste F.Mask) (roundrect_rratio 0.175439)
      (net 1 GND))
    (pad 2 smd roundrect (at 1.4875 0) (size 1.425 1.75) (layers F.Cu F.Paste F.Mask) (roundrect_rratio 0.175439)
      (net 2 3.3V))
    (model ${KISYS3DMOD}/Capacitor_SMD.3dshapes/C_1206_3216Metric.wrl
      (at (xyz 0 0 0))
      (scale (xyz 1 1 1))
      (rotate (xyz 0 0 0))
    )
  )

  (module Capacitor_SMD:C_1206_3216Metric_Pad1.42x1.75mm_HandSolder placed (layer F.Cu) (tedit 5B301BBE) (tstamp 5E455E1E)
    (at 134 80.5125 90)
    (descr "Capacitor SMD 1206 (3216 Metric), square (rectangular) end terminal, IPC_7351 nominal with elongated pad for handsoldering. (Body size source: http://www.tortai-tech.com/upload/download/2011102023233369053.pdf), generated with kicad-footprint-generator")
    (tags "capacitor handsolder")
    (path /5DF5E394)
    (attr smd)
    (fp_text reference C4 (at 0 -1.82 90) (layer F.SilkS)
      (effects (font (size 1 1) (thickness 0.15)))
    )
    (fp_text value 0.1uF (at 0 1.82 90) (layer F.Fab)
      (effects (font (size 1 1) (thickness 0.15)))
    )
    (fp_line (start -1.6 0.8) (end -1.6 -0.8) (layer F.Fab) (width 0.1))
    (fp_line (start -1.6 -0.8) (end 1.6 -0.8) (layer F.Fab) (width 0.1))
    (fp_line (start 1.6 -0.8) (end 1.6 0.8) (layer F.Fab) (width 0.1))
    (fp_line (start 1.6 0.8) (end -1.6 0.8) (layer F.Fab) (width 0.1))
    (fp_line (start -0.602064 -0.91) (end 0.602064 -0.91) (layer F.SilkS) (width 0.12))
    (fp_line (start -0.602064 0.91) (end 0.602064 0.91) (layer F.SilkS) (width 0.12))
    (fp_line (start -2.45 1.12) (end -2.45 -1.12) (layer F.CrtYd) (width 0.05))
    (fp_line (start -2.45 -1.12) (end 2.45 -1.12) (layer F.CrtYd) (width 0.05))
    (fp_line (start 2.45 -1.12) (end 2.45 1.12) (layer F.CrtYd) (width 0.05))
    (fp_line (start 2.45 1.12) (end -2.45 1.12) (layer F.CrtYd) (width 0.05))
    (fp_text user %R (at 0 0 90) (layer F.Fab)
      (effects (font (size 0.8 0.8) (thickness 0.12)))
    )
    (pad 1 smd roundrect (at -1.4875 0 90) (size 1.425 1.75) (layers F.Cu F.Paste F.Mask) (roundrect_rratio 0.175439)
      (net 1 GND))
    (pad 2 smd roundrect (at 1.4875 0 90) (size 1.425 1.75) (layers F.Cu F.Paste F.Mask) (roundrect_rratio 0.175439)
      (net 2 3.3V))
    (model ${KISYS3DMOD}/Capacitor_SMD.3dshapes/C_1206_3216Metric.wrl
      (at (xyz 0 0 0))
      (scale (xyz 1 1 1))
      (rotate (xyz 0 0 0))
    )
  )

  (module Capacitor_SMD:C_1206_3216Metric_Pad1.42x1.75mm_HandSolder placed (layer F.Cu) (tedit 5B301BBE) (tstamp 5E451BFA)
    (at 119.5125 69)
    (descr "Capacitor SMD 1206 (3216 Metric), square (rectangular) end terminal, IPC_7351 nominal with elongated pad for handsoldering. (Body size source: http://www.tortai-tech.com/upload/download/2011102023233369053.pdf), generated with kicad-footprint-generator")
    (tags "capacitor handsolder")
    (path /5DF5DC1B)
    (attr smd)
    (fp_text reference C5 (at -4.0125 0) (layer F.SilkS)
      (effects (font (size 1 1) (thickness 0.15)))
    )
    (fp_text value 0.1uF (at 0 1.82) (layer F.Fab)
      (effects (font (size 1 1) (thickness 0.15)))
    )
    (fp_text user %R (at 0 0) (layer F.Fab)
      (effects (font (size 0.8 0.8) (thickness 0.12)))
    )
    (fp_line (start 2.45 1.12) (end -2.45 1.12) (layer F.CrtYd) (width 0.05))
    (fp_line (start 2.45 -1.12) (end 2.45 1.12) (layer F.CrtYd) (width 0.05))
    (fp_line (start -2.45 -1.12) (end 2.45 -1.12) (layer F.CrtYd) (width 0.05))
    (fp_line (start -2.45 1.12) (end -2.45 -1.12) (layer F.CrtYd) (width 0.05))
    (fp_line (start -0.602064 0.91) (end 0.602064 0.91) (layer F.SilkS) (width 0.12))
    (fp_line (start -0.602064 -0.91) (end 0.602064 -0.91) (layer F.SilkS) (width 0.12))
    (fp_line (start 1.6 0.8) (end -1.6 0.8) (layer F.Fab) (width 0.1))
    (fp_line (start 1.6 -0.8) (end 1.6 0.8) (layer F.Fab) (width 0.1))
    (fp_line (start -1.6 -0.8) (end 1.6 -0.8) (layer F.Fab) (width 0.1))
    (fp_line (start -1.6 0.8) (end -1.6 -0.8) (layer F.Fab) (width 0.1))
    (pad 2 smd roundrect (at 1.4875 0) (size 1.425 1.75) (layers F.Cu F.Paste F.Mask) (roundrect_rratio 0.175439)
      (net 2 3.3V))
    (pad 1 smd roundrect (at -1.4875 0) (size 1.425 1.75) (layers F.Cu F.Paste F.Mask) (roundrect_rratio 0.175439)
      (net 1 GND))
    (model ${KISYS3DMOD}/Capacitor_SMD.3dshapes/C_1206_3216Metric.wrl
      (at (xyz 0 0 0))
      (scale (xyz 1 1 1))
      (rotate (xyz 0 0 0))
    )
  )

  (module Capacitor_SMD:C_1206_3216Metric_Pad1.42x1.75mm_HandSolder placed (layer F.Cu) (tedit 5B301BBE) (tstamp 5E451C0B)
    (at 139.5 91.0125 90)
    (descr "Capacitor SMD 1206 (3216 Metric), square (rectangular) end terminal, IPC_7351 nominal with elongated pad for handsoldering. (Body size source: http://www.tortai-tech.com/upload/download/2011102023233369053.pdf), generated with kicad-footprint-generator")
    (tags "capacitor handsolder")
    (path /5DFC48A1)
    (attr smd)
    (fp_text reference C1 (at 0 -1.82 90) (layer F.SilkS)
      (effects (font (size 1 1) (thickness 0.15)))
    )
    (fp_text value 10uF (at 0 1.82 90) (layer F.Fab)
      (effects (font (size 1 1) (thickness 0.15)))
    )
    (fp_text user %R (at 0 0 90) (layer F.Fab)
      (effects (font (size 0.8 0.8) (thickness 0.12)))
    )
    (fp_line (start 2.45 1.12) (end -2.45 1.12) (layer F.CrtYd) (width 0.05))
    (fp_line (start 2.45 -1.12) (end 2.45 1.12) (layer F.CrtYd) (width 0.05))
    (fp_line (start -2.45 -1.12) (end 2.45 -1.12) (layer F.CrtYd) (width 0.05))
    (fp_line (start -2.45 1.12) (end -2.45 -1.12) (layer F.CrtYd) (width 0.05))
    (fp_line (start -0.602064 0.91) (end 0.602064 0.91) (layer F.SilkS) (width 0.12))
    (fp_line (start -0.602064 -0.91) (end 0.602064 -0.91) (layer F.SilkS) (width 0.12))
    (fp_line (start 1.6 0.8) (end -1.6 0.8) (layer F.Fab) (width 0.1))
    (fp_line (start 1.6 -0.8) (end 1.6 0.8) (layer F.Fab) (width 0.1))
    (fp_line (start -1.6 -0.8) (end 1.6 -0.8) (layer F.Fab) (width 0.1))
    (fp_line (start -1.6 0.8) (end -1.6 -0.8) (layer F.Fab) (width 0.1))
    (pad 2 smd roundrect (at 1.4875 0 90) (size 1.425 1.75) (layers F.Cu F.Paste F.Mask) (roundrect_rratio 0.175439)
      (net 1 GND))
    (pad 1 smd roundrect (at -1.4875 0 90) (size 1.425 1.75) (layers F.Cu F.Paste F.Mask) (roundrect_rratio 0.175439)
      (net 3 VIN))
    (model ${KISYS3DMOD}/Capacitor_SMD.3dshapes/C_1206_3216Metric.wrl
      (at (xyz 0 0 0))
      (scale (xyz 1 1 1))
      (rotate (xyz 0 0 0))
    )
  )

  (module Capacitor_SMD:C_1206_3216Metric_Pad1.42x1.75mm_HandSolder placed (layer F.Cu) (tedit 5B301BBE) (tstamp 5E451C1C)
    (at 141.5 64.0125 90)
    (descr "Capacitor SMD 1206 (3216 Metric), square (rectangular) end terminal, IPC_7351 nominal with elongated pad for handsoldering. (Body size source: http://www.tortai-tech.com/upload/download/2011102023233369053.pdf), generated with kicad-footprint-generator")
    (tags "capacitor handsolder")
    (path /5E0256C4)
    (attr smd)
    (fp_text reference C6 (at 0 -1.82 90) (layer F.SilkS)
      (effects (font (size 1 1) (thickness 0.15)))
    )
    (fp_text value 0.1uF (at 0 1.82 90) (layer F.Fab)
      (effects (font (size 1 1) (thickness 0.15)))
    )
    (fp_text user %R (at 0 0 90) (layer F.Fab)
      (effects (font (size 0.8 0.8) (thickness 0.12)))
    )
    (fp_line (start 2.45 1.12) (end -2.45 1.12) (layer F.CrtYd) (width 0.05))
    (fp_line (start 2.45 -1.12) (end 2.45 1.12) (layer F.CrtYd) (width 0.05))
    (fp_line (start -2.45 -1.12) (end 2.45 -1.12) (layer F.CrtYd) (width 0.05))
    (fp_line (start -2.45 1.12) (end -2.45 -1.12) (layer F.CrtYd) (width 0.05))
    (fp_line (start -0.602064 0.91) (end 0.602064 0.91) (layer F.SilkS) (width 0.12))
    (fp_line (start -0.602064 -0.91) (end 0.602064 -0.91) (layer F.SilkS) (width 0.12))
    (fp_line (start 1.6 0.8) (end -1.6 0.8) (layer F.Fab) (width 0.1))
    (fp_line (start 1.6 -0.8) (end 1.6 0.8) (layer F.Fab) (width 0.1))
    (fp_line (start -1.6 -0.8) (end 1.6 -0.8) (layer F.Fab) (width 0.1))
    (fp_line (start -1.6 0.8) (end -1.6 -0.8) (layer F.Fab) (width 0.1))
    (pad 2 smd roundrect (at 1.4875 0 90) (size 1.425 1.75) (layers F.Cu F.Paste F.Mask) (roundrect_rratio 0.175439)
      (net 1 GND))
    (pad 1 smd roundrect (at -1.4875 0 90) (size 1.425 1.75) (layers F.Cu F.Paste F.Mask) (roundrect_rratio 0.175439)
      (net 2 3.3V))
    (model ${KISYS3DMOD}/Capacitor_SMD.3dshapes/C_1206_3216Metric.wrl
      (at (xyz 0 0 0))
      (scale (xyz 1 1 1))
      (rotate (xyz 0 0 0))
    )
  )

  (module Capacitor_SMD:C_1206_3216Metric_Pad1.42x1.75mm_HandSolder placed (layer F.Cu) (tedit 5B301BBE) (tstamp 5E451C2D)
    (at 139.5 85.0125 270)
    (descr "Capacitor SMD 1206 (3216 Metric), square (rectangular) end terminal, IPC_7351 nominal with elongated pad for handsoldering. (Body size source: http://www.tortai-tech.com/upload/download/2011102023233369053.pdf), generated with kicad-footprint-generator")
    (tags "capacitor handsolder")
    (path /5DFC48A7)
    (attr smd)
    (fp_text reference C2 (at 0 -1.82 90) (layer F.SilkS)
      (effects (font (size 1 1) (thickness 0.15)))
    )
    (fp_text value 10uF (at 0 1.82 90) (layer F.Fab)
      (effects (font (size 1 1) (thickness 0.15)))
    )
    (fp_line (start -1.6 0.8) (end -1.6 -0.8) (layer F.Fab) (width 0.1))
    (fp_line (start -1.6 -0.8) (end 1.6 -0.8) (layer F.Fab) (width 0.1))
    (fp_line (start 1.6 -0.8) (end 1.6 0.8) (layer F.Fab) (width 0.1))
    (fp_line (start 1.6 0.8) (end -1.6 0.8) (layer F.Fab) (width 0.1))
    (fp_line (start -0.602064 -0.91) (end 0.602064 -0.91) (layer F.SilkS) (width 0.12))
    (fp_line (start -0.602064 0.91) (end 0.602064 0.91) (layer F.SilkS) (width 0.12))
    (fp_line (start -2.45 1.12) (end -2.45 -1.12) (layer F.CrtYd) (width 0.05))
    (fp_line (start -2.45 -1.12) (end 2.45 -1.12) (layer F.CrtYd) (width 0.05))
    (fp_line (start 2.45 -1.12) (end 2.45 1.12) (layer F.CrtYd) (width 0.05))
    (fp_line (start 2.45 1.12) (end -2.45 1.12) (layer F.CrtYd) (width 0.05))
    (fp_text user %R (at 0 0 90) (layer F.Fab)
      (effects (font (size 0.8 0.8) (thickness 0.12)))
    )
    (pad 1 smd roundrect (at -1.4875 0 270) (size 1.425 1.75) (layers F.Cu F.Paste F.Mask) (roundrect_rratio 0.175439)
      (net 2 3.3V))
    (pad 2 smd roundrect (at 1.4875 0 270) (size 1.425 1.75) (layers F.Cu F.Paste F.Mask) (roundrect_rratio 0.175439)
      (net 1 GND))
    (model ${KISYS3DMOD}/Capacitor_SMD.3dshapes/C_1206_3216Metric.wrl
      (at (xyz 0 0 0))
      (scale (xyz 1 1 1))
      (rotate (xyz 0 0 0))
    )
  )

  (module Diode_SMD:D_SOD-323_HandSoldering placed (layer F.Cu) (tedit 58641869) (tstamp 5E451C45)
    (at 149.5 89.25 90)
    (descr SOD-323)
    (tags SOD-323)
    (path /5E2EA49C)
    (attr smd)
    (fp_text reference D1 (at 0 -1.85 90) (layer F.SilkS)
      (effects (font (size 1 1) (thickness 0.15)))
    )
    (fp_text value RSB36VTE (at 0.1 1.9 90) (layer F.Fab)
      (effects (font (size 1 1) (thickness 0.15)))
    )
    (fp_text user %R (at 0 -1.85 90) (layer F.Fab)
      (effects (font (size 1 1) (thickness 0.15)))
    )
    (fp_line (start -1.9 -0.85) (end -1.9 0.85) (layer F.SilkS) (width 0.12))
    (fp_line (start 0.2 0) (end 0.45 0) (layer F.Fab) (width 0.1))
    (fp_line (start 0.2 0.35) (end -0.3 0) (layer F.Fab) (width 0.1))
    (fp_line (start 0.2 -0.35) (end 0.2 0.35) (layer F.Fab) (width 0.1))
    (fp_line (start -0.3 0) (end 0.2 -0.35) (layer F.Fab) (width 0.1))
    (fp_line (start -0.3 0) (end -0.5 0) (layer F.Fab) (width 0.1))
    (fp_line (start -0.3 -0.35) (end -0.3 0.35) (layer F.Fab) (width 0.1))
    (fp_line (start -0.9 0.7) (end -0.9 -0.7) (layer F.Fab) (width 0.1))
    (fp_line (start 0.9 0.7) (end -0.9 0.7) (layer F.Fab) (width 0.1))
    (fp_line (start 0.9 -0.7) (end 0.9 0.7) (layer F.Fab) (width 0.1))
    (fp_line (start -0.9 -0.7) (end 0.9 -0.7) (layer F.Fab) (width 0.1))
    (fp_line (start -2 -0.95) (end 2 -0.95) (layer F.CrtYd) (width 0.05))
    (fp_line (start 2 -0.95) (end 2 0.95) (layer F.CrtYd) (width 0.05))
    (fp_line (start -2 0.95) (end 2 0.95) (layer F.CrtYd) (width 0.05))
    (fp_line (start -2 -0.95) (end -2 0.95) (layer F.CrtYd) (width 0.05))
    (fp_line (start -1.9 0.85) (end 1.25 0.85) (layer F.SilkS) (width 0.12))
    (fp_line (start -1.9 -0.85) (end 1.25 -0.85) (layer F.SilkS) (width 0.12))
    (pad 1 smd rect (at -1.25 0 90) (size 1 1) (layers F.Cu F.Paste F.Mask)
      (net 3 VIN))
    (pad 2 smd rect (at 1.25 0 90) (size 1 1) (layers F.Cu F.Paste F.Mask)
      (net 1 GND))
    (model ${KISYS3DMOD}/Diode_SMD.3dshapes/D_SOD-323.wrl
      (at (xyz 0 0 0))
      (scale (xyz 1 1 1))
      (rotate (xyz 0 0 0))
    )
  )

  (module Diode_SMD:D_1206_3216Metric_Pad1.42x1.75mm_HandSolder placed (layer F.Cu) (tedit 5B4B45C8) (tstamp 5E4B1995)
    (at 135.9875 65.5 180)
    (descr "Diode SMD 1206 (3216 Metric), square (rectangular) end terminal, IPC_7351 nominal, (Body size source: http://www.tortai-tech.com/upload/download/2011102023233369053.pdf), generated with kicad-footprint-generator")
    (tags "diode handsolder")
    (path /5E02BCB3)
    (attr smd)
    (fp_text reference D2 (at 0 -1.82) (layer F.SilkS)
      (effects (font (size 1 1) (thickness 0.15)))
    )
    (fp_text value LED (at 0 1.82) (layer F.Fab)
      (effects (font (size 1 1) (thickness 0.15)))
    )
    (fp_line (start 1.6 -0.8) (end -1.2 -0.8) (layer F.Fab) (width 0.1))
    (fp_line (start -1.2 -0.8) (end -1.6 -0.4) (layer F.Fab) (width 0.1))
    (fp_line (start -1.6 -0.4) (end -1.6 0.8) (layer F.Fab) (width 0.1))
    (fp_line (start -1.6 0.8) (end 1.6 0.8) (layer F.Fab) (width 0.1))
    (fp_line (start 1.6 0.8) (end 1.6 -0.8) (layer F.Fab) (width 0.1))
    (fp_line (start 1.6 -1.135) (end -2.46 -1.135) (layer F.SilkS) (width 0.12))
    (fp_line (start -2.46 -1.135) (end -2.46 1.135) (layer F.SilkS) (width 0.12))
    (fp_line (start -2.46 1.135) (end 1.6 1.135) (layer F.SilkS) (width 0.12))
    (fp_line (start -2.45 1.12) (end -2.45 -1.12) (layer F.CrtYd) (width 0.05))
    (fp_line (start -2.45 -1.12) (end 2.45 -1.12) (layer F.CrtYd) (width 0.05))
    (fp_line (start 2.45 -1.12) (end 2.45 1.12) (layer F.CrtYd) (width 0.05))
    (fp_line (start 2.45 1.12) (end -2.45 1.12) (layer F.CrtYd) (width 0.05))
    (fp_text user %R (at 0 0) (layer F.Fab)
      (effects (font (size 0.8 0.8) (thickness 0.12)))
    )
    (pad 1 smd roundrect (at -1.4875 0 180) (size 1.425 1.75) (layers F.Cu F.Paste F.Mask) (roundrect_rratio 0.175439)
      (net 2 3.3V))
    (pad 2 smd roundrect (at 1.4875 0 180) (size 1.425 1.75) (layers F.Cu F.Paste F.Mask) (roundrect_rratio 0.175439)
      (net 4 "Net-(D2-Pad2)"))
    (model ${KISYS3DMOD}/Diode_SMD.3dshapes/D_1206_3216Metric.wrl
      (at (xyz 0 0 0))
      (scale (xyz 1 1 1))
      (rotate (xyz 0 0 0))
    )
  )

  (module Connector_JST:JST_VH_B4PS-VH_1x04_P3.96mm_Horizontal placed (layer F.Cu) (tedit 5E4B3947) (tstamp 5E4599E4)
    (at 161 70 90)
    (descr "JST VH series connector, B4PS-VH (http://www.jst-mfg.com/product/pdf/eng/eVH.pdf), generated with kicad-footprint-generator")
    (tags "connector JST VH top entry")
    (path /5DF3AD74)
    (fp_text reference J1 (at 6 5.5 90) (layer F.SilkS)
      (effects (font (size 1 1) (thickness 0.15)))
    )
    (fp_text value VH_CAN (at 5.94 16.1 90) (layer F.Fab)
      (effects (font (size 1 1) (thickness 0.15)))
    )
    (fp_text user %R (at 5.94 9.45 90) (layer F.Fab)
      (effects (font (size 1 1) (thickness 0.15)))
    )
    (fp_line (start -1.61 -1.61) (end -1.61 0) (layer F.SilkS) (width 0.12))
    (fp_line (start 0 -1.61) (end -1.61 -1.61) (layer F.SilkS) (width 0.12))
    (fp_line (start 12.7 15.01) (end 12.7 13.51) (layer F.SilkS) (width 0.12))
    (fp_line (start 11.06 15.01) (end 12.7 15.01) (layer F.SilkS) (width 0.12))
    (fp_line (start 11.06 13.51) (end 11.06 15.01) (layer F.SilkS) (width 0.12))
    (fp_line (start 8.74 15.01) (end 8.74 13.51) (layer F.SilkS) (width 0.12))
    (fp_line (start 7.1 15.01) (end 8.74 15.01) (layer F.SilkS) (width 0.12))
    (fp_line (start 7.1 13.51) (end 7.1 15.01) (layer F.SilkS) (width 0.12))
    (fp_line (start 4.78 15.01) (end 4.78 13.51) (layer F.SilkS) (width 0.12))
    (fp_line (start 3.14 15.01) (end 4.78 15.01) (layer F.SilkS) (width 0.12))
    (fp_line (start 3.14 13.51) (end 3.14 15.01) (layer F.SilkS) (width 0.12))
    (fp_line (start 0.82 15.01) (end 0.82 13.51) (layer F.SilkS) (width 0.12))
    (fp_line (start -0.82 15.01) (end 0.82 15.01) (layer F.SilkS) (width 0.12))
    (fp_line (start -0.82 13.51) (end -0.82 15.01) (layer F.SilkS) (width 0.12))
    (fp_line (start -2.06 7.31) (end -2.06 3.89) (layer F.SilkS) (width 0.12))
    (fp_line (start -1.01 7.31) (end -2.06 7.31) (layer F.SilkS) (width 0.12))
    (fp_line (start -1.01 13.51) (end -1.01 7.31) (layer F.SilkS) (width 0.12))
    (fp_line (start 12.89 13.51) (end -1.01 13.51) (layer F.SilkS) (width 0.12))
    (fp_line (start 12.89 7.31) (end 12.89 13.51) (layer F.SilkS) (width 0.12))
    (fp_line (start 13.94 7.31) (end 12.89 7.31) (layer F.SilkS) (width 0.12))
    (fp_line (start 13.94 3.89) (end 13.94 7.31) (layer F.SilkS) (width 0.12))
    (fp_line (start -2.06 3.89) (end 13.94 3.89) (layer F.SilkS) (width 0.12))
    (fp_line (start 14.33 -1.85) (end -2.45 -1.85) (layer F.CrtYd) (width 0.05))
    (fp_line (start 14.33 15.4) (end 14.33 -1.85) (layer F.CrtYd) (width 0.05))
    (fp_line (start -2.45 15.4) (end 14.33 15.4) (layer F.CrtYd) (width 0.05))
    (fp_line (start -2.45 -1.85) (end -2.45 15.4) (layer F.CrtYd) (width 0.05))
    (fp_line (start 12.58 14.9) (end 12.58 13.4) (layer F.Fab) (width 0.1))
    (fp_line (start 11.18 14.9) (end 12.58 14.9) (layer F.Fab) (width 0.1))
    (fp_line (start 11.18 13.4) (end 11.18 14.9) (layer F.Fab) (width 0.1))
    (fp_line (start 12.58 0) (end 12.58 4) (layer F.Fab) (width 0.1))
    (fp_line (start 11.18 0) (end 12.58 0) (layer F.Fab) (width 0.1))
    (fp_line (start 11.18 4) (end 11.18 0) (layer F.Fab) (width 0.1))
    (fp_line (start 8.62 14.9) (end 8.62 13.4) (layer F.Fab) (width 0.1))
    (fp_line (start 7.22 14.9) (end 8.62 14.9) (layer F.Fab) (width 0.1))
    (fp_line (start 7.22 13.4) (end 7.22 14.9) (layer F.Fab) (width 0.1))
    (fp_line (start 8.62 0) (end 8.62 4) (layer F.Fab) (width 0.1))
    (fp_line (start 7.22 0) (end 8.62 0) (layer F.Fab) (width 0.1))
    (fp_line (start 7.22 4) (end 7.22 0) (layer F.Fab) (width 0.1))
    (fp_line (start 4.66 14.9) (end 4.66 13.4) (layer F.Fab) (width 0.1))
    (fp_line (start 3.26 14.9) (end 4.66 14.9) (layer F.Fab) (width 0.1))
    (fp_line (start 3.26 13.4) (end 3.26 14.9) (layer F.Fab) (width 0.1))
    (fp_line (start 4.66 0) (end 4.66 4) (layer F.Fab) (width 0.1))
    (fp_line (start 3.26 0) (end 4.66 0) (layer F.Fab) (width 0.1))
    (fp_line (start 3.26 4) (end 3.26 0) (layer F.Fab) (width 0.1))
    (fp_line (start 0.7 14.9) (end 0.7 13.4) (layer F.Fab) (width 0.1))
    (fp_line (start -0.7 14.9) (end 0.7 14.9) (layer F.Fab) (width 0.1))
    (fp_line (start -0.7 13.4) (end -0.7 14.9) (layer F.Fab) (width 0.1))
    (fp_line (start 0.7 0) (end 0.7 4) (layer F.Fab) (width 0.1))
    (fp_line (start -0.7 0) (end 0.7 0) (layer F.Fab) (width 0.1))
    (fp_line (start -0.7 4) (end -0.7 0) (layer F.Fab) (width 0.1))
    (fp_line (start 0 4.8) (end 0.8 4) (layer F.Fab) (width 0.1))
    (fp_line (start -0.8 4) (end 0 4.8) (layer F.Fab) (width 0.1))
    (fp_line (start -1.95 4) (end -0.9 4) (layer F.Fab) (width 0.1))
    (fp_line (start -1.95 7.2) (end -1.95 4) (layer F.Fab) (width 0.1))
    (fp_line (start -0.9 7.2) (end -1.95 7.2) (layer F.Fab) (width 0.1))
    (fp_line (start 13.83 7.2) (end 12.78 7.2) (layer F.Fab) (width 0.1))
    (fp_line (start 13.83 4) (end 13.83 7.2) (layer F.Fab) (width 0.1))
    (fp_line (start 12.78 4) (end 13.83 4) (layer F.Fab) (width 0.1))
    (fp_line (start 12.78 4) (end -0.9 4) (layer F.Fab) (width 0.1))
    (fp_line (start 12.78 13.4) (end 12.78 4) (layer F.Fab) (width 0.1))
    (fp_line (start -0.9 13.4) (end 12.78 13.4) (layer F.Fab) (width 0.1))
    (fp_line (start -0.9 4) (end -0.9 13.4) (layer F.Fab) (width 0.1))
    (pad 4 thru_hole circle (at 11.88 0 90) (size 2.7 2.7) (drill 1.7) (layers B.Cu B.Mask)
      (net 1 GND))
    (pad 3 thru_hole circle (at 7.92 0 90) (size 2.7 2.7) (drill 1.7) (layers B.Cu B.Mask)
      (net 5 CANH))
    (pad 2 thru_hole circle (at 3.96 0 90) (size 2.7 2.7) (drill 1.7) (layers B.Cu B.Mask)
      (net 6 CANL))
    (pad 1 thru_hole roundrect (at 0 0 90) (size 2.7 2.7) (drill 1.7) (layers B.Cu B.Mask) (roundrect_rratio 0.09300000000000001)
      (net 3 VIN))
    (model ${KISYS3DMOD}/Connector_JST.3dshapes/JST_VH_B4PS-VH_1x04_P3.96mm_Horizontal.wrl
      (at (xyz 0 0 0))
      (scale (xyz 1 1 1))
      (rotate (xyz 0 0 0))
    )
  )

  (module Connector_JST:JST_VH_B4PS-VH_1x04_P3.96mm_Horizontal placed (layer F.Cu) (tedit 5E4B396B) (tstamp 5E451CFB)
    (at 161 87 90)
    (descr "JST VH series connector, B4PS-VH (http://www.jst-mfg.com/product/pdf/eng/eVH.pdf), generated with kicad-footprint-generator")
    (tags "connector JST VH top entry")
    (path /5DF37557)
    (fp_text reference J2 (at 5.94 7.5 90) (layer F.SilkS)
      (effects (font (size 1 1) (thickness 0.15)))
    )
    (fp_text value VH_CAN (at 5.94 16.1 90) (layer F.Fab)
      (effects (font (size 1 1) (thickness 0.15)))
    )
    (fp_text user %R (at 5.94 9.45 90) (layer F.Fab)
      (effects (font (size 1 1) (thickness 0.15)))
    )
    (fp_line (start -1.61 -1.61) (end -1.61 0) (layer F.SilkS) (width 0.12))
    (fp_line (start 0 -1.61) (end -1.61 -1.61) (layer F.SilkS) (width 0.12))
    (fp_line (start 12.7 15.01) (end 12.7 13.51) (layer F.SilkS) (width 0.12))
    (fp_line (start 11.06 15.01) (end 12.7 15.01) (layer F.SilkS) (width 0.12))
    (fp_line (start 11.06 13.51) (end 11.06 15.01) (layer F.SilkS) (width 0.12))
    (fp_line (start 8.74 15.01) (end 8.74 13.51) (layer F.SilkS) (width 0.12))
    (fp_line (start 7.1 15.01) (end 8.74 15.01) (layer F.SilkS) (width 0.12))
    (fp_line (start 7.1 13.51) (end 7.1 15.01) (layer F.SilkS) (width 0.12))
    (fp_line (start 4.78 15.01) (end 4.78 13.51) (layer F.SilkS) (width 0.12))
    (fp_line (start 3.14 15.01) (end 4.78 15.01) (layer F.SilkS) (width 0.12))
    (fp_line (start 3.14 13.51) (end 3.14 15.01) (layer F.SilkS) (width 0.12))
    (fp_line (start 0.82 15.01) (end 0.82 13.51) (layer F.SilkS) (width 0.12))
    (fp_line (start -0.82 15.01) (end 0.82 15.01) (layer F.SilkS) (width 0.12))
    (fp_line (start -0.82 13.51) (end -0.82 15.01) (layer F.SilkS) (width 0.12))
    (fp_line (start -2.06 7.31) (end -2.06 3.89) (layer F.SilkS) (width 0.12))
    (fp_line (start -1.01 7.31) (end -2.06 7.31) (layer F.SilkS) (width 0.12))
    (fp_line (start -1.01 13.51) (end -1.01 7.31) (layer F.SilkS) (width 0.12))
    (fp_line (start 12.89 13.51) (end -1.01 13.51) (layer F.SilkS) (width 0.12))
    (fp_line (start 12.89 7.31) (end 12.89 13.51) (layer F.SilkS) (width 0.12))
    (fp_line (start 13.94 7.31) (end 12.89 7.31) (layer F.SilkS) (width 0.12))
    (fp_line (start 13.94 3.89) (end 13.94 7.31) (layer F.SilkS) (width 0.12))
    (fp_line (start -2.06 3.89) (end 13.94 3.89) (layer F.SilkS) (width 0.12))
    (fp_line (start 14.33 -1.85) (end -2.45 -1.85) (layer F.CrtYd) (width 0.05))
    (fp_line (start 14.33 15.4) (end 14.33 -1.85) (layer F.CrtYd) (width 0.05))
    (fp_line (start -2.45 15.4) (end 14.33 15.4) (layer F.CrtYd) (width 0.05))
    (fp_line (start -2.45 -1.85) (end -2.45 15.4) (layer F.CrtYd) (width 0.05))
    (fp_line (start 12.58 14.9) (end 12.58 13.4) (layer F.Fab) (width 0.1))
    (fp_line (start 11.18 14.9) (end 12.58 14.9) (layer F.Fab) (width 0.1))
    (fp_line (start 11.18 13.4) (end 11.18 14.9) (layer F.Fab) (width 0.1))
    (fp_line (start 12.58 0) (end 12.58 4) (layer F.Fab) (width 0.1))
    (fp_line (start 11.18 0) (end 12.58 0) (layer F.Fab) (width 0.1))
    (fp_line (start 11.18 4) (end 11.18 0) (layer F.Fab) (width 0.1))
    (fp_line (start 8.62 14.9) (end 8.62 13.4) (layer F.Fab) (width 0.1))
    (fp_line (start 7.22 14.9) (end 8.62 14.9) (layer F.Fab) (width 0.1))
    (fp_line (start 7.22 13.4) (end 7.22 14.9) (layer F.Fab) (width 0.1))
    (fp_line (start 8.62 0) (end 8.62 4) (layer F.Fab) (width 0.1))
    (fp_line (start 7.22 0) (end 8.62 0) (layer F.Fab) (width 0.1))
    (fp_line (start 7.22 4) (end 7.22 0) (layer F.Fab) (width 0.1))
    (fp_line (start 4.66 14.9) (end 4.66 13.4) (layer F.Fab) (width 0.1))
    (fp_line (start 3.26 14.9) (end 4.66 14.9) (layer F.Fab) (width 0.1))
    (fp_line (start 3.26 13.4) (end 3.26 14.9) (layer F.Fab) (width 0.1))
    (fp_line (start 4.66 0) (end 4.66 4) (layer F.Fab) (width 0.1))
    (fp_line (start 3.26 0) (end 4.66 0) (layer F.Fab) (width 0.1))
    (fp_line (start 3.26 4) (end 3.26 0) (layer F.Fab) (width 0.1))
    (fp_line (start 0.7 14.9) (end 0.7 13.4) (layer F.Fab) (width 0.1))
    (fp_line (start -0.7 14.9) (end 0.7 14.9) (layer F.Fab) (width 0.1))
    (fp_line (start -0.7 13.4) (end -0.7 14.9) (layer F.Fab) (width 0.1))
    (fp_line (start 0.7 0) (end 0.7 4) (layer F.Fab) (width 0.1))
    (fp_line (start -0.7 0) (end 0.7 0) (layer F.Fab) (width 0.1))
    (fp_line (start -0.7 4) (end -0.7 0) (layer F.Fab) (width 0.1))
    (fp_line (start 0 4.8) (end 0.8 4) (layer F.Fab) (width 0.1))
    (fp_line (start -0.8 4) (end 0 4.8) (layer F.Fab) (width 0.1))
